%YAML:1.0
---
cameraMatrix_R: !!opencv-matrix
   rows: 3
   cols: 3
   dt: d
   data: [ 7.8147330938433124e+03, 0., 1.2070543882266397e+03, 0.,
       7.8135503046064005e+03, 9.7817581141638880e+02, 0., 0., 1. ]
