%YAML:1.0
---
cameraMatrix_L: !!opencv-matrix
   rows: 3
   cols: 3
   dt: d
   data: [ 7.8943020842422893e+03, 0., 1.2161170602750769e+03, 0.,
       7.8939809636012733e+03, 9.7441836911844825e+02, 0., 0., 1. ]
