%YAML:1.0
---
distCoeffs_L: !!opencv-matrix
   rows: 1
   cols: 5
   dt: d
   data: [ -1.2049483027470992e-01, 8.5922689299085295e+00,
       -1.6851248498295319e-03, -1.6186050900394119e-03,
       -2.9224586954186361e+02 ]
