%YAML:1.0
---
distCoeffs_R: !!opencv-matrix
   rows: 1
   cols: 5
   dt: d
   data: [ 1.3240237695803128e-01, -1.3718350541593695e+01,
       -2.1344854292858029e-03, -2.9179828042907316e-03,
       4.8262266364041199e+02 ]
