%YAML:1.0
---
imageSize: [ 2448, 2050 ]
