%YAML:1.0
---
M1: !!opencv-matrix
   rows: 3
   cols: 3
   dt: d
   data: [ 7.8943020842422893e+03, 0., 1.2161170602750769e+03, 0.,
       7.8939809636012733e+03, 9.7441836911844825e+02, 0., 0., 1. ]
D1: !!opencv-matrix
   rows: 1
   cols: 5
   dt: d
   data: [ -1.2049483027470992e-01, 8.5922689299085295e+00,
       -1.6851248498295319e-03, -1.6186050900394119e-03,
       -2.9224586954186361e+02 ]
M2: !!opencv-matrix
   rows: 3
   cols: 3
   dt: d
   data: [ 7.8147330938433124e+03, 0., 1.2070543882266397e+03, 0.,
       7.8135503046064005e+03, 9.7817581141638880e+02, 0., 0., 1. ]
D2: !!opencv-matrix
   rows: 1
   cols: 5
   dt: d
   data: [ 1.3240237695803128e-01, -1.3718350541593695e+01,
       -2.1344854292858029e-03, -2.9179828042907316e-03,
       4.8262266364041199e+02 ]
R: !!opencv-matrix
   rows: 3
   cols: 3
   dt: d
   data: [ 9.9787468826476056e-01, 1.5919606815150561e-02,
       6.3187598778224940e-02, -1.4951181331380117e-02,
       9.9976386330466738e-01, -1.5769584868427913e-02,
       -6.3423723458206960e-02, 1.4791340337419447e-02,
       9.9787707036173523e-01 ]
T: !!opencv-matrix
   rows: 3
   cols: 1
   dt: d
   data: [ -7.2576759012577284e+01, -2.9485694287723424e-01,
       1.0664008009679300e+01 ]
E: !!opencv-matrix
   rows: 3
   cols: 3
   dt: d
   data: [ 1.7814044267678322e-01, -1.0665851175461842e+01,
       -1.2606400298791925e-01, 6.0382553752050105e+00,
       1.2432743577296155e+00, 7.3096516719303679e+01,
       1.3793385643972398e+00, -7.2554926969948781e+01,
       1.1631366629277786e+00 ]
F: !!opencv-matrix
   rows: 3
   cols: 3
   dt: d
   data: [ 4.0568296718158562e-09, -2.4290554712268329e-07,
       2.0909443765642832e-04, 1.3753127225468401e-07,
       2.8318785684058248e-08, 1.2948330052324351e-02,
       1.0604955616622707e-04, -1.2647376292187736e-02,
       9.9999999999999989e-01 ]
