%YAML:1.0
---
R: !!opencv-matrix
   rows: 3
   cols: 3
   dt: d
   data: [ 9.9787468826476056e-01, 1.5919606815150561e-02,
       6.3187598778224940e-02, -1.4951181331380117e-02,
       9.9976386330466738e-01, -1.5769584868427913e-02,
       -6.3423723458206960e-02, 1.4791340337419447e-02,
       9.9787707036173523e-01 ]
