%YAML:1.0
---
T: !!opencv-matrix
   rows: 3
   cols: 1
   dt: d
   data: [ -7.2576759012577284e+01, -2.9485694287723424e-01,
       1.0664008009679300e+01 ]
